generating statistics for bam files
statistics for data/aligned/G1E_input_R1_sorted.bam
1	195154279	2839	0
10	130530862	1823	0
11	121973369	3040	0
12	120092757	1180	0
13	120883175	1133	0
14	125139656	1154	0
15	104073951	3175	0
16	98008968	6259	0
17	95294699	2569	0
18	90720763	2041	0
19	61420004	252932	0
2	181755017	4004	0
3	159745316	1618	0
4	156860686	3747	0
5	151758149	5243	0
6	149588044	2698	0
7	144995196	2023	0
8	130127694	3742	0
9	124359700	3688	0
MT	16299	0	0
X	169476592	3733	0
Y	91455967	406	0
JH584299.1	953012	10	0
GL456233.2	559103	11	0
JH584301.1	259875	2	0
GL456211.1	241735	7	0
GL456221.1	206961	0	0
JH584297.1	205776	0	0
JH584296.1	199368	3	0
GL456354.1	195993	2	0
JH584298.1	184189	3	0
JH584300.1	182347	0	0
GL456219.1	175968	3	0
GL456210.1	169725	2	0
JH584303.1	158099	1	0
JH584302.1	155838	1	0
GL456212.1	153618	1	0
JH584304.1	114452	18	0
GL456379.1	72385	0	0
GL456366.1	47073	0	0
GL456367.1	42057	1	0
GL456239.1	40056	0	0
GL456383.1	38659	3	0
GL456385.1	35240	7	0
GL456360.1	31704	2	0
GL456378.1	31602	4	0
MU069435.1	31129	422	0
GL456389.1	28772	0	0
GL456372.1	28664	0	0
GL456370.1	26764	0	0
GL456381.1	25871	1	0
GL456387.1	24685	0	0
GL456390.1	24668	1	0
GL456394.1	24323	1	0
GL456392.1	23629	0	0
GL456382.1	23158	1	0
GL456359.1	22974	0	0
GL456396.1	21240	1	0
GL456368.1	20208	0	0
MU069434.1	8412	0	0
JH584295.1	1976	0	0
*	0	0	69316
clossing statistics for data/aligned/G1E_input_R1_sorted.bam
statistics for data/aligned/G1E_input_R2_sorted.bam
1	195154279	25057	0
10	130530862	14878	0
11	121973369	29987	0
12	120092757	8149	0
13	120883175	8194	0
14	125139656	8766	0
15	104073951	29653	0
16	98008968	60360	0
17	95294699	25419	0
18	90720763	19704	0
19	61420004	2792266	0
2	181755017	37850	0
3	159745316	11858	0
4	156860686	34647	0
5	151758149	53879	0
6	149588044	23802	0
7	144995196	18294	0
8	130127694	37567	0
9	124359700	35363	0
MT	16299	1	0
X	169476592	32979	0
Y	91455967	2537	0
JH584299.1	953012	99	0
GL456233.2	559103	63	0
JH584301.1	259875	4	0
GL456211.1	241735	31	0
GL456221.1	206961	21	0
JH584297.1	205776	14	0
JH584296.1	199368	20	0
GL456354.1	195993	25	0
JH584298.1	184189	20	0
JH584300.1	182347	2	0
GL456219.1	175968	18	0
GL456210.1	169725	16	0
JH584303.1	158099	7	0
JH584302.1	155838	1	0
GL456212.1	153618	28	0
JH584304.1	114452	44	0
GL456379.1	72385	5	0
GL456366.1	47073	6	0
GL456367.1	42057	0	0
GL456239.1	40056	16	0
GL456383.1	38659	11	0
GL456385.1	35240	38	0
GL456360.1	31704	4	0
GL456378.1	31602	31	0
MU069435.1	31129	4903	0
GL456389.1	28772	2	0
GL456372.1	28664	1	0
GL456370.1	26764	2	0
GL456381.1	25871	6	0
GL456387.1	24685	11	0
GL456390.1	24668	0	0
GL456394.1	24323	8	0
GL456392.1	23629	4	0
GL456382.1	23158	5	0
GL456359.1	22974	0	0
GL456396.1	21240	4	0
GL456368.1	20208	3	0
MU069434.1	8412	0	0
JH584295.1	1976	0	0
*	0	0	7367
clossing statistics for data/aligned/G1E_input_R2_sorted.bam
statistics for data/aligned/G1E_Tal1_R1_sorted.bam
1	195154279	2549	0
10	130530862	1678	0
11	121973369	3202	0
12	120092757	908	0
13	120883175	939	0
14	125139656	956	0
15	104073951	2743	0
16	98008968	6356	0
17	95294699	2372	0
18	90720763	1749	0
19	61420004	226184	0
2	181755017	3693	0
3	159745316	1399	0
4	156860686	3295	0
5	151758149	4503	0
6	149588044	2423	0
7	144995196	2515	0
8	130127694	3522	0
9	124359700	3106	0
MT	16299	0	0
X	169476592	3253	0
Y	91455967	340	0
JH584299.1	953012	10	0
GL456233.2	559103	6	0
JH584301.1	259875	0	0
GL456211.1	241735	1	0
GL456221.1	206961	2	0
JH584297.1	205776	3	0
JH584296.1	199368	4	0
GL456354.1	195993	4	0
JH584298.1	184189	4	0
JH584300.1	182347	0	0
GL456219.1	175968	2	0
GL456210.1	169725	3	0
JH584303.1	158099	1	0
JH584302.1	155838	0	0
GL456212.1	153618	1	0
JH584304.1	114452	4	0
GL456379.1	72385	1	0
GL456366.1	47073	1	0
GL456367.1	42057	1	0
GL456239.1	40056	1	0
GL456383.1	38659	4	0
GL456385.1	35240	4	0
GL456360.1	31704	1	0
GL456378.1	31602	3	0
MU069435.1	31129	340	0
GL456389.1	28772	1	0
GL456372.1	28664	0	0
GL456370.1	26764	0	0
GL456381.1	25871	0	0
GL456387.1	24685	1	0
GL456390.1	24668	1	0
GL456394.1	24323	2	0
GL456392.1	23629	0	0
GL456382.1	23158	0	0
GL456359.1	22974	0	0
GL456396.1	21240	1	0
GL456368.1	20208	0	0
MU069434.1	8412	0	0
JH584295.1	1976	0	0
*	0	0	64075
clossing statistics for data/aligned/G1E_Tal1_R1_sorted.bam
statistics for data/aligned/G1E_Tal1_R2_sorted.bam
1	195154279	4703	0
10	130530862	3355	0
11	121973369	8055	0
12	120092757	1811	0
13	120883175	1808	0
14	125139656	1919	0
15	104073951	5273	0
16	98008968	14644	0
17	95294699	4603	0
18	90720763	3425	0
19	61420004	480805	0
2	181755017	7143	0
3	159745316	2510	0
4	156860686	8136	0
5	151758149	10259	0
6	149588044	6262	0
7	144995196	5561	0
8	130127694	11919	0
9	124359700	7304	0
MT	16299	0	0
X	169476592	7190	0
Y	91455967	545	0
JH584299.1	953012	27	0
GL456233.2	559103	17	0
JH584301.1	259875	0	0
GL456211.1	241735	13	0
GL456221.1	206961	5	0
JH584297.1	205776	3	0
JH584296.1	199368	2	0
GL456354.1	195993	10	0
JH584298.1	184189	5	0
JH584300.1	182347	0	0
GL456219.1	175968	3	0
GL456210.1	169725	2	0
JH584303.1	158099	1	0
JH584302.1	155838	0	0
GL456212.1	153618	3	0
JH584304.1	114452	31	0
GL456379.1	72385	2	0
GL456366.1	47073	1	0
GL456367.1	42057	2	0
GL456239.1	40056	3	0
GL456383.1	38659	3	0
GL456385.1	35240	8	0
GL456360.1	31704	6	0
GL456378.1	31602	7	0
MU069435.1	31129	842	0
GL456389.1	28772	0	0
GL456372.1	28664	0	0
GL456370.1	26764	0	0
GL456381.1	25871	0	0
GL456387.1	24685	1	0
GL456390.1	24668	1	0
GL456394.1	24323	2	0
GL456392.1	23629	3	0
GL456382.1	23158	1	0
GL456359.1	22974	0	0
GL456396.1	21240	2	0
GL456368.1	20208	0	0
MU069434.1	8412	0	0
JH584295.1	1976	0	0
*	0	0	4007
clossing statistics for data/aligned/G1E_Tal1_R2_sorted.bam
statistics for data/aligned/Megakaryocyte_input_R1_sorted.bam
1	195154279	3949	0
10	130530862	2955	0
11	121973369	3619	0
12	120092757	1395	0
13	120883175	1464	0
14	125139656	1564	0
15	104073951	3892	0
16	98008968	8103	0
17	95294699	4102	0
18	90720763	2676	0
19	61420004	396368	0
2	181755017	5609	0
3	159745316	2200	0
4	156860686	5620	0
5	151758149	6962	0
6	149588044	3307	0
7	144995196	3089	0
8	130127694	4578	0
9	124359700	5236	0
MT	16299	0	0
X	169476592	6496	0
Y	91455967	529	0
JH584299.1	953012	18	0
GL456233.2	559103	11	0
JH584301.1	259875	0	0
GL456211.1	241735	7	0
GL456221.1	206961	8	0
JH584297.1	205776	1	0
JH584296.1	199368	1	0
GL456354.1	195993	4	0
JH584298.1	184189	1	0
JH584300.1	182347	0	0
GL456219.1	175968	4	0
GL456210.1	169725	2	0
JH584303.1	158099	0	0
JH584302.1	155838	0	0
GL456212.1	153618	3	0
JH584304.1	114452	14	0
GL456379.1	72385	1	0
GL456366.1	47073	3	0
GL456367.1	42057	0	0
GL456239.1	40056	3	0
GL456383.1	38659	2	0
GL456385.1	35240	8	0
GL456360.1	31704	0	0
GL456378.1	31602	6	0
MU069435.1	31129	337	0
GL456389.1	28772	1	0
GL456372.1	28664	0	0
GL456370.1	26764	0	0
GL456381.1	25871	0	0
GL456387.1	24685	0	0
GL456390.1	24668	1	0
GL456394.1	24323	2	0
GL456392.1	23629	2	0
GL456382.1	23158	0	0
GL456359.1	22974	0	0
GL456396.1	21240	1	0
GL456368.1	20208	0	0
MU069434.1	8412	0	0
JH584295.1	1976	0	0
*	0	0	68710
clossing statistics for data/aligned/Megakaryocyte_input_R1_sorted.bam
statistics for data/aligned/Megakaryocyte_input_R2_sorted.bam
1	195154279	23495	0
10	130530862	19095	0
11	121973369	26164	0
12	120092757	8094	0
13	120883175	8427	0
14	125139656	8570	0
15	104073951	26895	0
16	98008968	53809	0
17	95294699	25466	0
18	90720763	17625	0
19	61420004	2649435	0
2	181755017	35546	0
3	159745316	12183	0
4	156860686	34577	0
5	151758149	48550	0
6	149588044	21618	0
7	144995196	17787	0
8	130127694	33710	0
9	124359700	35144	0
MT	16299	1	0
X	169476592	40676	0
Y	91455967	2726	0
JH584299.1	953012	97	0
GL456233.2	559103	77	0
JH584301.1	259875	5	0
GL456211.1	241735	30	0
GL456221.1	206961	29	0
JH584297.1	205776	16	0
JH584296.1	199368	17	0
GL456354.1	195993	22	0
JH584298.1	184189	15	0
JH584300.1	182347	2	0
GL456219.1	175968	21	0
GL456210.1	169725	14	0
JH584303.1	158099	8	0
JH584302.1	155838	2	0
GL456212.1	153618	19	0
JH584304.1	114452	51	0
GL456379.1	72385	4	0
GL456366.1	47073	9	0
GL456367.1	42057	4	0
GL456239.1	40056	13	0
GL456383.1	38659	9	0
GL456385.1	35240	48	0
GL456360.1	31704	4	0
GL456378.1	31602	28	0
MU069435.1	31129	2550	0
GL456389.1	28772	1	0
GL456372.1	28664	4	0
GL456370.1	26764	0	0
GL456381.1	25871	2	0
GL456387.1	24685	5	0
GL456390.1	24668	0	0
GL456394.1	24323	6	0
GL456392.1	23629	7	0
GL456382.1	23158	1	0
GL456359.1	22974	0	0
GL456396.1	21240	2	0
GL456368.1	20208	2	0
MU069434.1	8412	0	0
JH584295.1	1976	0	0
*	0	0	10873
clossing statistics for data/aligned/Megakaryocyte_input_R2_sorted.bam
statistics for data/aligned/Megakaryocytes_Tal1_R1_sorted.bam
1	195154279	16992	0
10	130530862	14633	0
11	121973369	20723	0
12	120092757	6001	0
13	120883175	6119	0
14	125139656	6587	0
15	104073951	20645	0
16	98008968	41560	0
17	95294699	18727	0
18	90720763	13481	0
19	61420004	2064055	0
2	181755017	26082	0
3	159745316	8678	0
4	156860686	26712	0
5	151758149	37412	0
6	149588044	17018	0
7	144995196	12849	0
8	130127694	26826	0
9	124359700	27409	0
MT	16299	0	0
X	169476592	29809	0
Y	91455967	2135	0
JH584299.1	953012	82	0
GL456233.2	559103	50	0
JH584301.1	259875	4	0
GL456211.1	241735	21	0
GL456221.1	206961	14	0
JH584297.1	205776	18	0
JH584296.1	199368	7	0
GL456354.1	195993	18	0
JH584298.1	184189	14	0
JH584300.1	182347	0	0
GL456219.1	175968	23	0
GL456210.1	169725	15	0
JH584303.1	158099	3	0
JH584302.1	155838	1	0
GL456212.1	153618	19	0
JH584304.1	114452	46	0
GL456379.1	72385	2	0
GL456366.1	47073	6	0
GL456367.1	42057	5	0
GL456239.1	40056	6	0
GL456383.1	38659	11	0
GL456385.1	35240	23	0
GL456360.1	31704	3	0
GL456378.1	31602	13	0
MU069435.1	31129	3821	0
GL456389.1	28772	1	0
GL456372.1	28664	0	0
GL456370.1	26764	0	0
GL456381.1	25871	9	0
GL456387.1	24685	3	0
GL456390.1	24668	1	0
GL456394.1	24323	10	0
GL456392.1	23629	5	0
GL456382.1	23158	4	0
GL456359.1	22974	0	0
GL456396.1	21240	2	0
GL456368.1	20208	0	0
MU069434.1	8412	0	0
JH584295.1	1976	0	0
*	0	0	156053
clossing statistics for data/aligned/Megakaryocytes_Tal1_R1_sorted.bam
statistics for data/aligned/Megakaryocytes_Tal1_R2_sorted.bam
1	195154279	22859	0
10	130530862	19449	0
11	121973369	26910	0
12	120092757	8029	0
13	120883175	8417	0
14	125139656	8813	0
15	104073951	26206	0
16	98008968	56219	0
17	95294699	25621	0
18	90720763	17655	0
19	61420004	2564960	0
2	181755017	34430	0
3	159745316	12088	0
4	156860686	34413	0
5	151758149	49910	0
6	149588044	22689	0
7	144995196	17528	0
8	130127694	36569	0
9	124359700	36483	0
MT	16299	1	0
X	169476592	41520	0
Y	91455967	2627	0
JH584299.1	953012	97	0
GL456233.2	559103	60	0
JH584301.1	259875	2	0
GL456211.1	241735	36	0
GL456221.1	206961	30	0
JH584297.1	205776	16	0
JH584296.1	199368	16	0
GL456354.1	195993	24	0
JH584298.1	184189	23	0
JH584300.1	182347	1	0
GL456219.1	175968	25	0
GL456210.1	169725	14	0
JH584303.1	158099	5	0
JH584302.1	155838	3	0
GL456212.1	153618	20	0
JH584304.1	114452	78	0
GL456379.1	72385	1	0
GL456366.1	47073	12	0
GL456367.1	42057	7	0
GL456239.1	40056	18	0
GL456383.1	38659	22	0
GL456385.1	35240	47	0
GL456360.1	31704	7	0
GL456378.1	31602	17	0
MU069435.1	31129	4100	0
GL456389.1	28772	1	0
GL456372.1	28664	0	0
GL456370.1	26764	0	0
GL456381.1	25871	5	0
GL456387.1	24685	13	0
GL456390.1	24668	0	0
GL456394.1	24323	10	0
GL456392.1	23629	1	0
GL456382.1	23158	2	0
GL456359.1	22974	0	0
GL456396.1	21240	4	0
GL456368.1	20208	1	0
MU069434.1	8412	0	0
JH584295.1	1976	0	0
*	0	0	9393
clossing statistics for data/aligned/Megakaryocytes_Tal1_R2_sorted.bam
